15 
0 18446744073709551615 1261429112520593349 5 0 0 1 1 
1 0 6762701524654224204 5 0 0 4 2 18446744073709551615 18446744073709551615 18446744073709551615 
2 1 4761297284194504975 4 0 1 4 3 10 13 14 
3 2 14080891928559180727 4 0 1 4 4 18446744073709551615 18446744073709551615 9 
4 3 10682092215040637739 3 0 1 3 5 6 7 
5 4 8012489823749120381 4 0 1 4 18446744073709551615 18446744073709551615 18446744073709551615 18446744073709551615 
6 4 10388576585267825041 3 0 1 3 18446744073709551615 18446744073709551615 18446744073709551615 
7 4 14624103743009435163 5 0 1 5 18446744073709551615 18446744073709551615 18446744073709551615 18446744073709551615 8 
8 7 2916330077599634248 4 0 1 4 18446744073709551615 18446744073709551615 18446744073709551615 18446744073709551615 
9 3 11308547703518181541 3 0 1 3 18446744073709551615 18446744073709551615 18446744073709551615 
10 2 92373073723436963 3 0 1 3 18446744073709551615 11 12 
11 10 12548086471773059745 4 0 1 4 18446744073709551615 18446744073709551615 18446744073709551615 18446744073709551615 
12 10 13686289789881350575 4 0 1 4 18446744073709551615 18446744073709551615 18446744073709551615 18446744073709551615 
13 2 3285525163453640971 3 0 1 1 18446744073709551615 
14 2 11494284965923808930 3 0 1 3 18446744073709551615 18446744073709551615 18446744073709551615 
