1060603267 0

Compaction 1 in level 1 Choice: file No.0
Hash value: c95bf42ef173b465
Information of files in level 0: 
File No.	Smallest key	Largest key	Entry number	Deletion number	Raw key size	Raw value size	Overlapping bytes	
0							999994479	217894			0				3865563			871572			0					

Information of files in level 1: 
File No.	Smallest key	Largest key	Entry number	Deletion number	Raw key size	Raw value size	Overlapping bytes	
0*			1000000175		1167008269	767242			0				13725517		3068968			0					
1			1167008469		1333534087	767125			0				13722811		3068500			0					
2			1333534217		1500218952	767336			0				13726220		3069344			0					
3			1500219055		1667382853	767045			0				13721750		3068180			0					
4			1667382999		1833776223	767130			0				13722870		3068520			0					
5			1833776295		2000503517	767083			0				13722373		3068332			0					
6			2000503779		216736959	767068			0				13721977		3068272			0					
7			2167369637		2334265858	767029			0				13721512		3068116			0					
8			233426588		2501151019	767039			0				13722044		3068156			0					
9			2501151116		2668194919	767047			0				13721555		3068188			0					
10			2668195547		2834391503	767142			0				13723105		3068568			0					
11			2834391665		3001251347	767311			0				13725837		3069244			0					
12			3001251457		3167771463	767117			0				13723005		3068468			0					
13			3167771613		3334441818	766862			0				13718073		3067448			0					
14			3334442717		3501159112	767084			0				13722608		3068336			0					
15			3501159157		3668290230	767045			0				13721523		3068180			0					
16			366829027		3834870300	766837			0				13718105		3067348			0					
17			3834870858		4001628986	766831			0				13717598		3067324			0					
18			4001629223		4168685976	767297			0				13725975		3069188			0					
19			4168686430		470133671	767546			0				13544077		3070184			0					
20			470133887		637305560	768876			0				12985696		3075504			0					
21			637306078		804192979	768735			0				12982930		3074940			0					
22			804193004		971056156	768725			0				12982955		3074900			0					
23			971056322		999999809	133555			0				2255543			534220			0					

Compaction 2 in level 1 Choice: file No.0
Hash value: 2eb3950432278a28
Information of files in level 0: 
File No.	Smallest key	Largest key	Entry number	Deletion number	Raw key size	Raw value size	Overlapping bytes	
0							999994479	217894			0				3865563			871572			0					

Information of files in level 1: 
File No.	Smallest key	Largest key	Entry number	Deletion number	Raw key size	Raw value size	Overlapping bytes	
0*			1667382999		1833776223	767130			0				13722870		3068520			0					
1			1833776295		2000503517	767083			0				13722373		3068332			0					
2			2000503779		216736959	767068			0				13721977		3068272			0					
3			2167369637		2334265858	767029			0				13721512		3068116			0					
4			233426588		2501151019	767039			0				13722044		3068156			0					
5			2501151116		2668194919	767047			0				13721555		3068188			0					
6			2668195547		2834391503	767142			0				13723105		3068568			0					
7			2834391665		3001251347	767311			0				13725837		3069244			0					
8			3001251457		3167771463	767117			0				13723005		3068468			0					
9			3167771613		3334441818	766862			0				13718073		3067448			0					
10			3334442717		3501159112	767084			0				13722608		3068336			0					
11			3501159157		3668290230	767045			0				13721523		3068180			0					
12			366829027		3834870300	766837			0				13718105		3067348			0					
13			3834870858		4001628986	766831			0				13717598		3067324			0					
14			4001629223		4168685976	767297			0				13725975		3069188			0					
15			4168686430		470133671	767546			0				13544077		3070184			0					
16			470133887		637305560	768876			0				12985696		3075504			0					
17			637306078		804192979	768735			0				12982930		3074940			0					
18			804193004		971056156	768725			0				12982955		3074900			0					
19			971056322		999999809	133555			0				2255543			534220			0					

Information of files in level 2: 
File No.	Smallest key	Largest key	Entry number	Deletion number	Raw key size	Raw value size	Overlapping bytes	
0*			1000000175		1167008269	767242			0				13725517		3068968			0					
1			1167008469		1333534087	767125			0				13722811		3068500			0					
2			1333534217		1500218952	767336			0				13726220		3069344			0					
3			1500219055		1667382853	767045			0				13721750		3068180			0					

Compaction 3 in level 1 Choice: file No.0
Hash value: ea7968370b4d064c
Information of files in level 0: 
File No.	Smallest key	Largest key	Entry number	Deletion number	Raw key size	Raw value size	Overlapping bytes	
0							999994479	217894			0				3865563			871572			0					

Information of files in level 1: 
File No.	Smallest key	Largest key	Entry number	Deletion number	Raw key size	Raw value size	Overlapping bytes	
0*			233426588		2501151019	767039			0				13722044		3068156			0					
1			2501151116		2668194919	767047			0				13721555		3068188			0					
2			2668195547		2834391503	767142			0				13723105		3068568			0					
3			2834391665		3001251347	767311			0				13725837		3069244			0					
4			3001251457		3167771463	767117			0				13723005		3068468			0					
5			3167771613		3334441818	766862			0				13718073		3067448			0					
6			3334442717		3501159112	767084			0				13722608		3068336			0					
7			3501159157		3668290230	767045			0				13721523		3068180			0					
8			366829027		3834870300	766837			0				13718105		3067348			0					
9			3834870858		4001628986	766831			0				13717598		3067324			0					
10			4001629223		4168685976	767297			0				13725975		3069188			0					
11			4168686430		470133671	767546			0				13544077		3070184			0					
12			470133887		637305560	768876			0				12985696		3075504			0					
13			637306078		804192979	768735			0				12982930		3074940			0					
14			804193004		971056156	768725			0				12982955		3074900			0					
15			971056322		999999809	133555			0				2255543			534220			0					

Information of files in level 2: 
File No.	Smallest key	Largest key	Entry number	Deletion number	Raw key size	Raw value size	Overlapping bytes	
0*			1000000175		1167008269	767242			0				13725517		3068968			0					
1			1167008469		1333534087	767125			0				13722811		3068500			0					
2			1333534217		1500218952	767336			0				13726220		3069344			0					
3			1500219055		1667382853	767045			0				13721750		3068180			0					
4			1667382999		1833776223	767130			0				13722870		3068520			0					
5			1833776295		2000503517	767083			0				13722373		3068332			0					
6			2000503779		216736959	767068			0				13721977		3068272			0					
7			2167369637		2334265858	767029			0				13721512		3068116			0					

Compaction 4 in level 1 Choice: file No.0
Hash value: 076173722c6c9508
Information of files in level 0: 
File No.	Smallest key	Largest key	Entry number	Deletion number	Raw key size	Raw value size	Overlapping bytes	
0							999994479	217894			0				3865563			871572			0					

Information of files in level 1: 
File No.	Smallest key	Largest key	Entry number	Deletion number	Raw key size	Raw value size	Overlapping bytes	
0*			3001251457		3167771463	767117			0				13723005		3068468			0					
1			3167771613		3334441818	766862			0				13718073		3067448			0					
2			3334442717		3501159112	767084			0				13722608		3068336			0					
3			3501159157		3668290230	767045			0				13721523		3068180			0					
4			366829027		3834870300	766837			0				13718105		3067348			0					
5			3834870858		4001628986	766831			0				13717598		3067324			0					
6			4001629223		4168685976	767297			0				13725975		3069188			0					
7			4168686430		470133671	767546			0				13544077		3070184			0					
8			470133887		637305560	768876			0				12985696		3075504			0					
9			637306078		804192979	768735			0				12982930		3074940			0					
10			804193004		971056156	768725			0				12982955		3074900			0					
11			971056322		999999809	133555			0				2255543			534220			0					

Information of files in level 2: 
File No.	Smallest key	Largest key	Entry number	Deletion number	Raw key size	Raw value size	Overlapping bytes	
0*			1000000175		1167008269	767242			0				13725517		3068968			0					
1			1167008469		1333534087	767125			0				13722811		3068500			0					
2			1333534217		1500218952	767336			0				13726220		3069344			0					
3			1500219055		1667382853	767045			0				13721750		3068180			0					
4			1667382999		1833776223	767130			0				13722870		3068520			0					
5			1833776295		2000503517	767083			0				13722373		3068332			0					
6			2000503779		216736959	767068			0				13721977		3068272			0					
7			2167369637		2334265858	767029			0				13721512		3068116			0					
8			233426588		2501151019	767039			0				13722044		3068156			0					
9			2501151116		2668194919	767047			0				13721555		3068188			0					
10			2668195547		2834391503	767142			0				13723105		3068568			0					
11			2834391665		3001251347	767311			0				13725837		3069244			0					

